Round: 0, Step 0
MAPE: 0.0578: 10,26,24,8,22,0.4854,0.0112,0.4874,9
MAPE: 1.3054: 43,378,6,9,43,0.1651,0.0669,0.0205,2
MAPE: 0.2134: 17,94,38,8,18,0.3188,0.02,0.084,7
MAPE: 0.1085: 30,44,25,5,43,0.7178,0.0642,0.5524,10
MAPE: 0.3257: 49,184,13,8,4,0.3646,0.0163,0.3194,2
MAPE: 4.3353: 15,408,45,8,29,0.616,0.0425,0.1688,5
MAPE: 0.1633: 37,47,2,8,16,0.7012,0.0761,0.9329,5
MAPE: 1.0373: 19,416,38,7,41,0.6422,0.0962,0.3339,8
MAPE: 0.9336: 48,182,31,4,24,0.075,0.0117,0.7596,5
MAPE: 1.0134: 32,383,22,4,9,0.7939,0.085,0.7342,9
MAPE: 3.5304: 33,361,10,8,17,0.438,0.0387,0.5683,7
MAPE: 0.3709: 29,174,12,9,16,0.4382,0.0182,0.301,2
MAPE: 0.9351: 18,368,49,7,14,0.6567,0.0664,0.8257,6
MAPE: 0.5645: 46,222,15,6,46,0.7239,0.0545,0.4975,7
MAPE: 10.0288: 23,289,49,9,42,0.127,0.0601,0.3664,9
MAPE: 0.9849: 16,478,13,5,48,0.5955,0.0939,0.5389,3
MAPE: 0.9292: 36,275,26,2,8,0.9296,0.096,0.9659,4
MAPE: 0.9126: 3,291,37,7,4,0.2329,0.0735,0.0551,9
MAPE: 0.2030: 49,139,4,10,39,0.4542,0.053,0.9155,4
MAPE: 0.0521: 4,321,16,7,47,0.3606,0.0322,0.053,8
MAPE: 1.0847: 5,488,36,9,41,0.1907,0.0258,0.9614,4
MAPE: 0.1327: 40,101,16,7,13,0.7519,0.0891,0.3204,4
MAPE: 0.0598: 2,226,4,6,35,0.5683,0.0643,0.5997,9
MAPE: 0.0706: 27,443,18,2,12,0.7933,0.0307,0.7725,9
MAPE: 0.0455: 28,87,32,4,46,0.2236,0.0311,0.4824,5
MAPE: 0.0552: 10,202,34,5,4,0.4153,0.0474,0.4476,1
MAPE: 2.9993: 14,487,44,9,38,0.434,0.0944,0.3007,6
MAPE: 0.0520: 30,235,13,4,33,0.284,0.0412,0.3541,4
MAPE: 0.0854: 42,287,2,8,26,0.7789,0.0545,0.3108,9
MAPE: 0.0527: 9,154,25,9,7,0.3387,0.0579,0.6783,2
MAPE: 0.6206: 38,292,26,4,16,0.8905,0.0994,0.1752,3
MAPE: 1.6162: 34,395,41,4,11,0.0726,0.0439,0.5625,9
MAPE: 0.0486: 3,60,33,7,7,0.0964,0.0125,0.6487,4
MAPE: 2.9553: 13,346,7,6,5,0.0657,0.0702,0.7916,5
MAPE: 0.5989: 21,364,5,4,45,0.949,0.0135,0.0031,8
MAPE: 0.5632: 23,394,33,5,36,0.6045,0.0114,0.4661,9
MAPE: 8.8775: 39,341,31,8,15,0.3941,0.0668,0.821,4
MAPE: 0.0831: 9,151,23,2,32,0.8965,0.0408,0.9564,5
MAPE: 122.4262: 27,500,36,6,38,0.4733,0.0749,0.2223,2
MAPE: 0.9489: 30,276,24,2,47,0.1117,0.0971,0.3181,4
MAPE: 0.7352: 47,492,35,10,10,0.8566,0.0656,0.2956,6
MAPE: 1.0899: 6,409,32,2,12,0.2917,0.0526,0.2306,4
MAPE: 0.0476: 28,89,38,5,21,0.5735,0.0242,0.8915,2
MAPE: 0.8620: 28,495,8,7,49,0.9958,0.0413,0.6258,9
MAPE: 0.5799: 32,449,35,1,18,0.8938,0.0522,0.434,4
MAPE: 0.5957: 9,348,20,9,3,0.8743,0.0183,0.8235,5
MAPE: 0.9475: 37,240,9,10,32,0.2148,0.0637,0.2096,5
MAPE: 0.1101: 30,319,6,3,23,0.5162,0.0872,0.5767,8
MAPE: 0.0751: 19,109,15,1,19,0.6355,0.0858,0.2348,7
MAPE: 9.3995: 38,359,48,6,23,0.5368,0.0104,0.0067,5
MAPE: 0.0571: 10,231,14,1,22,0.4854,0.0112,0.4874,10
MAPE: 0.9142: 43,378,6,9,43,0.1651,0.0669,0.0205,2
MAPE: 0.0454: 17,94,38,5,41,0.3188,0.02,0.3978,7
MAPE: 0.0692: 6,44,25,5,9,0.3113,0.0655,0.7036,10
MAPE: 0.2887: 49,184,13,1,4,0.3646,0.0163,0.3194,2
MAPE: 50.7435: 15,408,45,8,20,0.616,0.0434,0.1688,5
MAPE: 0.1247: 43,47,2,8,16,0.7012,0.0608,0.5187,5
MAPE: 1.0289: 19,416,47,7,41,0.6422,0.0962,0.903,4
MAPE: 22.1082: 48,182,31,4,18,0.075,0.0817,0.5636,5
MAPE: 0.8353: 32,383,27,4,9,0.7939,0.0611,0.7342,9
MAPE: 0.0651: 3,361,10,8,17,0.796,0.0387,0.5683,7
MAPE: 2.1350: 41,329,30,9,16,0.4382,0.0182,0.7248,2
MAPE: 0.0539: 18,166,49,7,14,0.4291,0.0664,0.8257,6
MAPE: 1.3547: 46,433,15,6,46,0.7135,0.0516,0.4975,7
MAPE: 1.4094: 23,289,49,1,42,0.127,0.0601,0.3664,9
MAPE: 1.1839: 16,478,13,5,17,0.5955,0.0241,0.5389,9
MAPE: 1.3942: 36,275,26,7,15,0.9296,0.096,0.5012,4
MAPE: 0.9799: 3,291,37,9,38,0.9693,0.0735,0.776,9
MAPE: 0.0604: 21,139,4,10,39,0.4542,0.053,0.9155,4
MAPE: 1.0762: 4,321,26,7,47,0.5594,0.0813,0.7738,6
MAPE: 0.7347: 5,488,36,9,35,0.1907,0.0561,0.9614,6
MAPE: 0.0792: 40,101,16,7,13,0.359,0.0891,0.3204,4
MAPE: 0.7834: 2,226,39,7,35,0.5683,0.0643,0.5997,9
MAPE: 1.2520: 27,443,18,2,21,0.1261,0.0307,0.7725,9
MAPE: 0.0870: 41,87,3,4,46,0.7101,0.0311,0.5424,5
MAPE: 0.0636: 10,114,34,5,8,0.7063,0.0772,0.4476,2
MAPE: 1.1137: 28,487,23,9,38,0.434,0.0944,0.6064,4
MAPE: 0.0528: 10,235,13,5,33,0.284,0.0412,0.3541,4
MAPE: 0.6401: 42,287,12,8,26,0.7789,0.0545,0.3108,9
MAPE: 0.0504: 9,83,24,2,7,0.3387,0.0579,0.6783,2
MAPE: 0.8227: 38,292,26,4,16,0.8905,0.0994,0.8946,3
MAPE: 31.4634: 40,395,41,4,11,0.0726,0.093,0.5625,5
MAPE: 114.2858: 19,455,27,7,47,0.5939,0.0942,0.8568,2
MAPE: 0.7771: 13,346,7,7,5,0.0657,0.048,0.7916,5
MAPE: 0.0904: 21,364,5,7,49,0.6909,0.0907,0.0031,8
MAPE: 0.5149: 14,394,33,5,18,0.6045,0.0114,0.4661,9
MAPE: 0.9792: 39,341,31,8,9,0.889,0.0668,0.821,9
MAPE: 0.9963: 9,151,23,6,32,0.8965,0.0879,0.9564,5
MAPE: 104.7967: 49,500,36,6,27,0.4733,0.0366,0.2223,10
MAPE: 0.9192: 30,276,34,2,36,0.1117,0.0971,0.4636,4
MAPE: 0.8662: 47,492,35,8,10,0.8566,0.0845,0.2956,7
MAPE: 6.5161: 3,410,32,2,41,0.2917,0.0896,0.2306,4
MAPE: 0.0565: 28,89,21,8,21,0.5735,0.0242,0.8915,2
MAPE: 0.6612: 28,495,7,7,33,0.9958,0.0409,0.6258,9
MAPE: 0.3503: 32,449,5,1,18,0.8938,0.0522,0.2362,4
MAPE: 0.5219: 9,245,3,9,3,0.8743,0.0183,0.8235,5
MAPE: 32.2646: 37,240,7,10,32,0.3759,0.0637,0.2096,5
MAPE: 0.0714: 30,319,6,3,11,0.4729,0.0552,0.5767,8
MAPE: 0.0635: 14,109,15,1,19,0.6355,0.0493,0.2348,7
MAPE: 77.2682: 38,359,48,6,36,0.5368,0.0311,0.0067,5
Step: 0, min MAPE: 0.045385964, hyperparameter: [16.50199826901448, 94.32450411076873, 38.18999981986477, 5.296927484718693, 40.9676503100212, 0.3187987968624336, 0.020049510879519436, 0.39779868866168333, 7.414533421199586]
Round: 0, Step 1
MAPE: 0.0560: 10,230,14,1,22,0.4854,0.0112,0.2184,7
MAPE: 0.0556: 17,94,17,5,30,0.3188,0.02,0.8428,7
MAPE: 0.0597: 4,44,25,9,26,0.3113,0.0655,0.1924,10
MAPE: 0.0891: 49,184,13,2,4,0.5326,0.0539,0.3194,2
MAPE: 0.0643: 7,47,17,2,27,0.7012,0.0608,0.5187,5
MAPE: 0.6679: 3,339,10,8,43,0.796,0.0387,0.5683,7
MAPE: 0.3459: 29,174,46,9,2,0.4382,0.0182,0.301,2
MAPE: 0.0546: 18,166,49,7,14,0.4291,0.0402,0.0461,4
MAPE: 6.5764: 46,402,9,6,46,0.7239,0.0545,0.4975,3
MAPE: 0.0804: 21,139,9,10,39,0.8651,0.053,0.9155,4
MAPE: 0.0503: 4,273,16,7,21,0.3606,0.0301,0.5908,7
MAPE: 0.9230: 40,297,16,7,13,0.359,0.0891,0.3204,5
MAPE: 0.0615: 2,226,4,6,35,0.5683,0.0643,0.3428,9
MAPE: 0.6552: 27,440,18,8,12,0.917,0.0365,0.7725,9
MAPE: 0.0473: 28,87,32,4,46,0.3534,0.0311,0.1768,5
MAPE: 0.6913: 10,202,34,6,4,0.4153,0.0474,0.4476,4
MAPE: 0.2800: 30,235,7,4,33,0.284,0.035,0.3541,4
MAPE: 0.1857: 42,287,2,8,26,0.7321,0.0936,0.0936,6
MAPE: 0.0514: 9,83,24,2,7,0.185,0.0579,0.4198,2
MAPE: 0.4256: 38,292,25,9,16,0.8905,0.0994,0.1752,3
MAPE: 0.0484: 3,81,33,7,7,0.0964,0.0125,0.6487,6
MAPE: 0.0911: 21,364,6,4,49,0.6957,0.0907,0.0031,8
MAPE: 4.1956: 14,394,33,5,18,0.6045,0.0268,0.4661,9
MAPE: 0.0644: 9,195,23,2,32,0.8965,0.0408,0.0852,5
MAPE: 0.0506: 28,89,38,5,21,0.5735,0.012,0.2125,2
MAPE: 0.6425: 28,495,7,7,33,0.9958,0.0584,0.3081,9
MAPE: 0.3010: 32,226,16,3,18,0.8938,0.0522,0.2362,4
MAPE: 0.0911: 9,245,3,9,33,0.8743,0.0722,0.6709,5
MAPE: 0.4697: 30,368,6,3,38,0.4729,0.0552,0.5767,8
MAPE: 0.0755: 14,109,15,3,19,0.6355,0.0493,0.2348,8
Step: 1, min MAPE: 0.045385964, hyperparameter: [16.50199826901448, 94.32450411076873, 38.18999981986477, 5.296927484718693, 40.9676503100212, 0.3187987968624336, 0.020049510879519436, 0.39779868866168333, 7.414533421199586]
Round: 0, Step 2
MAPE: 0.5899: 18,230,14,7,13,0.609,0.0112,0.7742,4
MAPE: 0.0796: 28,74,42,5,20,0.7284,0.02,0.3978,7
MAPE: 0.0634: 4,52,28,9,26,0.3113,0.0655,0.1924,10
MAPE: 0.0663: 7,47,17,6,12,0.7012,0.0554,0.6744,5
MAPE: 0.4509: 43,361,10,8,17,0.796,0.0387,0.399,7
MAPE: 0.0555: 18,166,31,7,41,0.4291,0.0353,0.8257,6
MAPE: 0.0707: 21,139,4,10,3,0.4542,0.053,0.9155,2
MAPE: 0.0578: 4,273,16,7,21,0.3606,0.0459,0.1592,3
MAPE: 1.1778: 40,235,16,8,13,0.359,0.0891,0.3204,6
MAPE: 0.2719: 2,226,27,6,35,0.5683,0.0185,0.5997,9
MAPE: 3.2566: 27,443,18,9,12,0.7933,0.0307,0.7725,9
MAPE: 0.0516: 28,87,32,4,46,0.5724,0.0311,0.4824,5
MAPE: 0.6620: 28,202,38,7,4,0.6782,0.0455,0.5232,1
MAPE: 3.7084: 30,239,13,8,33,0.284,0.0412,0.3541,4
MAPE: 0.0508: 26,288,24,2,33,0.3387,0.0325,0.6783,2
MAPE: 0.0730: 36,81,12,7,7,0.4123,0.0621,0.6487,6
MAPE: 0.3651: 15,195,23,2,32,0.8332,0.0408,0.3491,5
MAPE: 0.6493: 28,89,22,5,35,0.2049,0.0624,0.8915,2
MAPE: 0.3967: 30,319,6,9,11,0.4729,0.0151,0.5767,8
MAPE: 0.0613: 14,109,15,1,32,0.6355,0.0583,0.2348,7
Step: 2, min MAPE: 0.045385964, hyperparameter: [16.50199826901448, 94.32450411076873, 38.18999981986477, 5.296927484718693, 40.9676503100212, 0.3187987968624336, 0.020049510879519436, 0.39779868866168333, 7.414533421199586]
