Round: 0, Step 0
MAPE: 0.2877: 26,399,44,1,16,0.9576,0.0562,0.3183,6
MAPE: 0.7835: 12,416,18,6,1,0.6732,0.0289,0.9326,4
MAPE: 25.2894: 38,395,44,2,16,0.4749,0.0706,0.2576,7
MAPE: 0.5224: 33,106,17,9,5,0.7466,0.0156,0.7315,8
MAPE: 2.2933: 21,508,23,3,18,0.7148,0.0422,0.0516,4
MAPE: 0.0587: 50,159,24,8,47,0.1754,0.0291,0.1325,3
MAPE: 0.0990: 50,138,6,6,23,0.7345,0.0659,0.6211,2
MAPE: 0.0955: 27,76,8,5,22,0.7337,0.0166,0.2788,2
MAPE: 0.0550: 26,303,32,3,21,0.4668,0.0175,0.5703,3
MAPE: 0.6626: 3,494,5,8,26,0.0926,0.0572,0.4342,6
MAPE: 0.4648: 47,510,33,4,23,0.7755,0.0666,0.098,7
MAPE: 0.0498: 48,134,20,2,41,0.2895,0.0248,0.1631,4
MAPE: 1.2144: 1,387,43,9,16,0.4741,0.0766,0.6506,3
MAPE: 1.0481: 20,465,37,2,11,0.8883,0.0471,0.2045,4
MAPE: 0.7260: 21,391,8,9,20,0.4769,0.0217,0.2722,10
MAPE: 0.0631: 24,92,28,7,43,0.4286,0.0962,0.1957,6
MAPE: 0.0629: 21,154,31,2,25,0.4741,0.0762,0.2935,3
MAPE: 146.9163: 11,503,23,10,45,0.4409,0.0469,0.661,9
MAPE: 5.3730: 40,251,25,3,31,0.0633,0.0614,0.0915,6
MAPE: 3.2239: 30,399,27,7,27,0.2656,0.038,0.4431,4
MAPE: 1.1458: 29,221,48,6,24,0.9955,0.0303,0.4543,5
MAPE: 7.2629: 38,299,35,5,12,0.1469,0.0329,0.3959,2
MAPE: 0.0697: 40,50,3,3,12,0.2647,0.0113,0.3852,7
MAPE: 0.0795: 6,360,6,9,23,0.5643,0.048,0.8031,4
MAPE: 1.1241: 17,73,41,2,6,0.697,0.0945,0.0986,4
MAPE: 1.1022: 7,213,29,8,22,0.7766,0.0458,0.4694,5
MAPE: 0.0614: 12,174,49,2,32,0.1425,0.0559,0.1926,1
MAPE: 1.1628: 26,236,34,3,48,0.4293,0.0687,0.6904,10
MAPE: 1.1866: 34,107,33,8,42,0.4646,0.0702,0.9211,5
MAPE: 0.8471: 17,244,26,2,18,0.286,0.0431,0.8318,6
MAPE: 0.0588: 11,152,46,2,20,0.4732,0.0604,0.9744,5
MAPE: 5.0348: 17,428,48,2,50,0.7327,0.0266,0.1119,2
MAPE: 0.0661: 31,173,27,3,48,0.5745,0.0853,0.3337,9
MAPE: 1.8555: 23,215,40,5,44,0.41,0.0186,0.4829,8
MAPE: 0.9835: 8,109,35,10,9,0.9971,0.0503,0.7747,7
MAPE: 54.8159: 48,437,19,4,28,0.4356,0.0324,0.5028,5
MAPE: 493.7606: 34,509,27,10,42,0.3531,0.0594,0.9103,4
MAPE: 14.3590: 12,495,13,9,5,0.1766,0.0768,0.9599,4
MAPE: 0.1870: 21,260,25,7,50,0.6641,0.0958,0.565,2
MAPE: 4.3976: 26,367,28,5,5,0.6595,0.0455,0.7433,10
MAPE: 1.5630: 33,225,37,4,33,0.9848,0.0618,0.6212,6
MAPE: 0.6462: 24,511,10,2,36,0.8779,0.0491,0.805,8
MAPE: 3.4506: 40,461,36,5,49,0.2113,0.0545,0.4577,2
MAPE: 0.0596: 49,48,41,8,6,0.3776,0.0301,0.9082,7
MAPE: 0.0567: 12,244,44,10,19,0.4792,0.0307,0.1968,6
MAPE: 0.1429: 24,500,4,2,15,0.808,0.0834,0.0096,5
MAPE: 0.0622: 2,25,41,3,36,0.7283,0.0551,0.1466,5
MAPE: 1.7962: 34,389,3,9,46,0.1113,0.0547,0.2764,5
MAPE: 3.6928: 13,384,40,4,16,0.2431,0.0153,0.5672,8
MAPE: 0.5708: 26,75,44,5,6,0.9576,0.0117,0.4957,4
MAPE: 0.5973: 12,325,18,8,1,0.6732,0.0171,0.9326,4
MAPE: 0.1551: 38,306,3,2,4,0.5317,0.0789,0.2576,4
MAPE: 0.4214: 33,106,17,9,28,0.7466,0.0156,0.7315,8
MAPE: 1.6753: 21,508,27,3,14,0.7148,0.0442,0.0516,4
MAPE: 0.0556: 50,159,24,5,24,0.1754,0.0291,0.1325,3
MAPE: 0.0856: 50,95,6,6,10,0.5854,0.0659,0.6878,2
MAPE: 0.0808: 37,76,12,7,22,0.7337,0.0166,0.2788,6
MAPE: 0.0612: 49,48,13,3,21,0.4668,0.0175,0.5703,10
MAPE: 0.1998: 19,194,5,8,27,0.9454,0.0572,0.4342,5
MAPE: 1.3697: 18,510,16,4,23,0.9133,0.0994,0.098,7
MAPE: 0.0519: 17,134,20,2,23,0.2895,0.0248,0.1631,4
MAPE: 1.2439: 1,387,43,8,16,0.4741,0.0766,0.6506,5
MAPE: 0.9095: 20,465,37,3,11,0.8883,0.0471,0.2045,4
MAPE: 0.0662: 21,73,8,9,20,0.4769,0.0217,0.9002,10
MAPE: 0.0609: 14,92,28,8,43,0.4286,0.0962,0.1957,6
MAPE: 0.0523: 21,154,31,7,25,0.4741,0.027,0.2935,3
MAPE: 69.0776: 5,503,23,10,45,0.4685,0.043,0.661,9
MAPE: 47.7890: 40,251,38,3,31,0.0633,0.0614,0.0915,6
MAPE: 1.3501: 30,399,13,7,27,0.0475,0.0156,0.3058,4
MAPE: 0.7332: 29,221,48,6,24,0.9955,0.0303,0.4543,2
MAPE: 5.2622: 49,299,35,5,12,0.1469,0.0329,0.3959,2
MAPE: 0.0480: 40,311,26,3,13,0.2647,0.0113,0.3852,7
MAPE: 0.0793: 6,360,6,9,23,0.5643,0.0864,0.5839,4
MAPE: 0.1127: 17,73,41,2,6,0.7009,0.0945,0.0986,6
MAPE: 0.0771: 7,139,29,8,22,0.7766,0.0458,0.4694,5
MAPE: 0.0520: 13,174,49,2,13,0.1425,0.0559,0.1926,7
MAPE: 0.0501: 17,236,34,3,48,0.4293,0.0677,0.6904,6
MAPE: 0.0686: 34,107,33,2,14,0.4646,0.0702,0.9211,5
MAPE: 0.4788: 17,265,26,9,18,0.286,0.0303,0.8318,6
MAPE: 0.0686: 15,152,46,2,20,0.4732,0.0604,0.3783,5
MAPE: 1.6813: 17,428,48,2,50,0.7327,0.0259,0.1119,2
MAPE: 0.1458: 28,173,27,3,48,0.9033,0.0853,0.3337,9
MAPE: 4.4685: 23,275,40,5,44,0.5642,0.0186,0.1376,8
MAPE: 0.0812: 8,16,35,10,3,0.5778,0.0503,0.7747,7
MAPE: 8.6900: 43,437,19,4,28,0.4356,0.0324,0.5028,5
MAPE: 0.0869: 34,488,19,10,42,0.3531,0.052,0.9103,2
MAPE: 0.1117: 12,197,9,9,5,0.6966,0.0768,0.8985,4
MAPE: 1.0537: 33,260,25,3,37,0.4353,0.0709,0.6209,6
MAPE: 0.0818: 24,367,30,5,5,0.6595,0.0455,0.5498,10
MAPE: 1.0803: 33,225,37,4,33,0.9848,0.0236,0.6212,5
MAPE: 4.2569: 24,511,42,2,36,0.8779,0.0491,0.805,8
MAPE: 0.8538: 25,241,36,10,49,0.9142,0.0545,0.6151,5
MAPE: 0.0621: 15,48,25,8,6,0.3776,0.0301,0.6787,5
MAPE: 31.5962: 12,510,34,4,48,0.4792,0.0333,0.917,9
MAPE: 0.1020: 24,500,6,2,8,0.808,0.0361,0.0096,5
MAPE: 0.0685: 2,25,41,3,36,0.7283,0.0551,0.1466,5
MAPE: 0.0680: 34,389,3,9,46,0.1113,0.0547,0.5194,5
MAPE: 0.0530: 13,384,40,6,20,0.2431,0.0422,0.5672,8
Step: 0, min MAPE: 0.048033915, hyperparameter: [40.20164831155253, 310.7321222428357, 25.99003043109751, 2.7936485285092707, 13.178628876597195, 0.264655951536073, 0.011305854550325888, 0.38524351596789475, 7.144437728004858]
Round: 0, Step 1
MAPE: 0.1200: 38,306,3,4,4,0.5317,0.0633,0.9402,4
MAPE: 2.9491: 50,159,24,5,24,0.1754,0.0664,0.1325,9
MAPE: 0.0840: 50,95,6,3,10,0.5854,0.0659,0.6878,2
MAPE: 0.0478: 19,76,12,7,22,0.3055,0.0166,0.2788,6
MAPE: 0.8175: 26,303,46,3,21,0.4668,0.0175,0.2975,3
MAPE: 1.1163: 19,194,38,8,27,0.9454,0.0572,0.5213,5
MAPE: 3.7431: 48,424,20,3,41,0.2895,0.0492,0.1264,4
MAPE: 0.0690: 21,73,8,9,20,0.4769,0.0217,0.9002,10
MAPE: 0.0685: 16,61,28,8,43,0.496,0.0962,0.1957,6
MAPE: 0.0499: 19,154,31,7,25,0.4741,0.027,0.2935,3
MAPE: 8.9676: 40,283,25,3,13,0.2647,0.048,0.3852,6
MAPE: 0.0948: 6,360,6,9,10,0.5643,0.0864,0.5839,6
MAPE: 1.1242: 17,87,41,2,6,0.7009,0.0945,0.0986,6
MAPE: 0.0615: 7,139,29,2,22,0.7766,0.0458,0.5551,5
MAPE: 0.0491: 13,174,49,3,49,0.1425,0.0559,0.1926,7
MAPE: 4.3165: 17,256,34,3,48,0.2149,0.0685,0.6904,8
MAPE: 3.1705: 34,447,33,1,14,0.4646,0.0702,0.9211,8
MAPE: 0.1065: 11,34,46,2,20,0.6024,0.0604,0.9744,6
MAPE: 0.0627: 4,173,27,3,48,0.5629,0.0853,0.3337,9
MAPE: 0.0548: 8,129,27,10,3,0.5778,0.0202,0.2794,5
MAPE: 1.2662: 34,488,19,10,41,0.3531,0.0142,0.9103,2
MAPE: 1.4241: 12,484,30,5,25,0.3207,0.0768,0.8985,4
MAPE: 2.1913: 21,260,25,7,50,0.6641,0.0958,0.565,2
MAPE: 24.7826: 15,367,30,5,5,0.6595,0.0455,0.5498,7
MAPE: 0.0778: 49,48,41,8,6,0.3824,0.0301,0.9082,7
MAPE: 0.0527: 11,244,16,2,19,0.4792,0.0307,0.1968,7
MAPE: 1.9841: 24,412,6,2,8,0.2195,0.0361,0.0096,5
MAPE: 1.1673: 25,25,41,3,42,0.7283,0.0912,0.1466,5
MAPE: 15.3551: 34,389,24,9,10,0.1113,0.056,0.0431,2
MAPE: 6.5285: 19,370,40,6,20,0.2431,0.0572,0.6352,5
Step: 1, min MAPE: 0.047813546, hyperparameter: [19.43945887717329, 75.6922327818036, 11.51110028140869, 6.7015305314856555, 21.813979409084247, 0.3054759769920522, 0.016621439505535636, 0.27878582976294164, 5.849733088943558]
Round: 0, Step 2
MAPE: 0.0442: 23,159,31,5,24,0.1754,0.0291,0.1325,8
MAPE: 0.0545: 19,76,12,8,22,0.3055,0.0885,0.2788,6
MAPE: 0.0541: 26,231,32,3,21,0.4668,0.0175,0.8745,3
MAPE: 3.1317: 48,251,20,3,41,0.2895,0.06,0.1631,4
MAPE: 0.0677: 26,191,8,9,20,0.4769,0.0217,0.876,10
MAPE: 0.0672: 14,92,28,8,43,0.4286,0.0962,0.1957,6
MAPE: 0.0520: 19,100,31,4,25,0.4741,0.04,0.072,3
MAPE: 0.0636: 27,200,26,3,13,0.4387,0.0179,0.3852,8
MAPE: 1.1891: 7,139,29,10,7,0.7766,0.0458,0.4787,5
MAPE: 0.0628: 13,174,49,9,49,0.1425,0.0572,0.5656,7
MAPE: 1.6404: 17,236,26,6,48,0.4293,0.0677,0.6904,6
MAPE: 0.0573: 17,107,41,2,6,0.4859,0.0191,0.9211,5
MAPE: 0.0945: 28,124,46,6,20,0.4732,0.0604,0.9744,7
MAPE: 1.1451: 28,173,27,3,48,0.5629,0.0853,0.3337,9
MAPE: 0.0504: 8,129,26,5,3,0.5778,0.0202,0.2794,5
MAPE: 0.0595: 49,48,12,8,6,0.3776,0.0301,0.8166,8
MAPE: 0.0500: 11,244,16,2,8,0.4792,0.0307,0.1968,7
MAPE: 0.0685: 2,25,40,3,36,0.7283,0.0551,0.1466,5
MAPE: 0.0651: 23,389,3,9,46,0.1113,0.0547,0.5194,5
MAPE: 0.0729: 13,82,40,5,20,0.2431,0.0999,0.8287,8
Step: 2, min MAPE: 0.044192284, hyperparameter: [23.2076217774404, 158.80080888218782, 31.28132307509244, 4.608152433274205, 23.59125121503958, 0.17540264266554373, 0.02911792383127601, 0.1324776129505617, 8.205088561551971]
Round: 0, Step 3
MAPE: 0.0632: 23,159,13,2,24,0.4235,0.0291,0.1325,3
MAPE: 0.0573: 19,298,12,3,22,0.3055,0.0166,0.2788,6
MAPE: 0.0539: 48,134,20,2,25,0.2895,0.0248,0.5678,4
MAPE: 0.0522: 3,154,22,7,6,0.4341,0.027,0.2911,3
MAPE: 0.0456: 11,311,26,3,13,0.2647,0.0113,0.3852,7
MAPE: 0.0471: 13,174,14,3,9,0.1425,0.0559,0.2008,7
MAPE: 20.8158: 17,243,34,2,48,0.4293,0.0677,0.6904,6
MAPE: 0.0533: 13,129,26,5,9,0.5778,0.0202,0.1761,5
MAPE: 0.6910: 11,244,50,2,25,0.4792,0.0307,0.1968,9
MAPE: 220.0011: 13,384,49,6,25,0.2431,0.0422,0.5888,8
Step: 3, min MAPE: 0.044192284, hyperparameter: [23.2076217774404, 158.80080888218782, 31.28132307509244, 4.608152433274205, 23.59125121503958, 0.17540264266554373, 0.02911792383127601, 0.1324776129505617, 8.205088561551971]
Round: 0, Step 4
MAPE: 0.0438: 23,159,31,5,10,0.1754,0.0291,0.1325,8
MAPE: 0.0452: 14,76,12,7,11,0.1666,0.0166,0.2249,6
MAPE: 3.5006: 48,191,20,3,41,0.1667,0.0248,0.1631,4
MAPE: 0.8126: 11,311,26,3,13,0.2647,0.0482,0.3852,7
MAPE: 0.0486: 14,174,16,3,11,0.1425,0.0496,0.2192,7
Step: 4, min MAPE: 0.04379507, hyperparameter: [23.2076217774404, 158.80080888218782, 31.28132307509244, 4.608152433274205, 9.893975219569507, 0.17540264266554373, 0.02911792383127601, 0.1324776129505617, 8.205088561551971]
Round: 0, Step 5
MAPE: 1.1323: 23,208,31,5,10,0.1754,0.0533,0.2433,8
MAPE: 0.0480: 14,76,12,7,11,0.1666,0.0518,0.2497,6
MAPE: 1.9026: 48,228,17,2,41,0.1556,0.0468,0.1631,8
MAPE: 0.0428: 6,311,26,3,13,0.2647,0.0113,0.3852,7
MAPE: 0.0457: 13,174,14,3,9,0.1425,0.0509,0.2533,8
Step: 5, min MAPE: 0.0427608, hyperparameter: [5.798212556382618, 310.7321222428357, 25.99003043109751, 2.7936485285092707, 13.178628876597195, 0.264655951536073, 0.011305854550325888, 0.38524351596789475, 7.144437728004858]
Round: 0, Step 6
MAPE: 0.0436: 23,322,31,5,10,0.1754,0.0129,0.3734,7
MAPE: 0.0464: 14,76,12,7,11,0.1666,0.0261,0.1585,6
MAPE: 1.6262: 48,317,28,2,41,0.3041,0.0101,0.1631,6
MAPE: 0.0449: 12,311,26,3,13,0.2647,0.0113,0.3852,7
MAPE: 0.0468: 13,174,14,3,9,0.1425,0.0211,0.1738,3
Step: 6, min MAPE: 0.0427608, hyperparameter: [5.798212556382618, 310.7321222428357, 25.99003043109751, 2.7936485285092707, 13.178628876597195, 0.264655951536073, 0.011305854550325888, 0.38524351596789475, 7.144437728004858]
Round: 0, Step 7
MAPE: 46.1110: 23,219,31,5,10,0.1754,0.0499,0.284,8
MAPE: 0.0465: 14,76,12,7,11,0.1666,0.0248,0.1621,6
MAPE: 2.0000: 48,320,26,2,41,0.2505,0.0141,0.1631,8
MAPE: 0.0449: 11,311,26,3,13,0.2647,0.0113,0.3852,7
MAPE: 0.0470: 13,174,14,3,9,0.1425,0.0536,0.2728,8
Step: 7, min MAPE: 0.0427608, hyperparameter: [5.798212556382618, 310.7321222428357, 25.99003043109751, 2.7936485285092707, 13.178628876597195, 0.264655951536073, 0.011305854550325888, 0.38524351596789475, 7.144437728004858]
