Round: 0, Step 0
MAPE: 0.0636: 39,26,32,8,25,0.2248,0.0278,0.7605,3
MAPE: 1.0216: 5,356,48,1,26,0.8126,0.0651,0.7218,4
MAPE: 1.2347: 46,370,28,2,19,0.6741,0.0498,0.434,7
MAPE: 2.0150: 26,339,30,8,27,0.9086,0.0387,0.0905,4
MAPE: 0.7001: 7,427,3,7,28,0.8193,0.0279,0.8569,4
MAPE: 0.0673: 38,163,44,4,9,0.3925,0.0184,0.8211,2
MAPE: 1.0659: 20,484,49,5,41,0.2514,0.0638,0.9028,6
MAPE: 0.0957: 30,35,19,2,16,0.3307,0.0796,0.04,5
MAPE: 0.1244: 16,332,18,1,44,0.7632,0.089,0.4175,6
MAPE: 0.5465: 26,313,14,4,2,0.3031,0.0318,0.5576,6
MAPE: 0.3865: 24,161,4,10,18,0.495,0.0979,0.4408,4
MAPE: 1.5663: 26,303,43,2,24,0.7819,0.0747,0.586,1
MAPE: 0.3785: 18,295,16,6,34,0.1592,0.0145,0.3378,2
MAPE: 6.7252: 10,455,19,3,38,0.1069,0.077,0.4698,6
MAPE: 0.0743: 8,107,33,1,13,0.5424,0.0304,0.3814,9
MAPE: 0.7628: 46,297,27,1,49,0.573,0.0813,0.5616,9
MAPE: 0.7659: 30,368,8,5,35,0.1046,0.0496,0.1662,6
MAPE: 0.0601: 41,61,40,6,30,0.1981,0.0493,0.2959,1
MAPE: 0.1160: 3,241,37,6,20,0.1681,0.0854,0.5991,8
MAPE: 0.7438: 43,315,39,7,2,0.7505,0.0258,0.4585,6
MAPE: 0.1219: 25,435,10,1,43,0.7427,0.0511,0.4169,2
MAPE: 0.1014: 18,63,36,2,11,0.5738,0.0364,0.6557,8
MAPE: 0.8763: 18,62,41,8,20,0.8645,0.0446,0.2573,8
MAPE: 0.9804: 37,268,33,3,45,0.9659,0.0385,0.8656,4
MAPE: 0.0948: 2,40,10,2,14,0.9136,0.0512,0.1302,8
MAPE: 0.1723: 21,28,43,3,36,0.3558,0.0815,0.8446,6
MAPE: 0.3437: 28,77,20,5,26,0.8918,0.037,0.3964,8
MAPE: 1.0904: 21,108,42,6,4,0.9889,0.0306,0.6147,4
MAPE: 1.9723: 40,327,41,4,14,0.6011,0.0945,0.7073,3
MAPE: 5.2684: 7,244,49,7,10,0.0467,0.0957,0.8586,8
MAPE: 11.5628: 48,313,47,2,7,0.372,0.079,0.3211,7
MAPE: 1.3921: 1,286,18,9,47,0.3841,0.0457,0.8973,2
MAPE: 0.1362: 21,81,5,8,16,0.5841,0.0891,0.8808,6
MAPE: 0.1406: 33,44,16,7,10,0.803,0.0563,0.7573,3
MAPE: 1.7778: 5,255,27,7,11,0.6714,0.0814,0.0417,10
MAPE: 0.5759: 49,289,4,4,2,0.8009,0.0287,0.1433,7
MAPE: 0.0975: 4,143,26,10,8,0.4495,0.0641,0.0973,4
MAPE: 1.8144: 36,289,42,6,10,0.6155,0.0898,0.5168,7
MAPE: 1.5456: 26,467,21,6,18,0.1296,0.0697,0.9357,7
MAPE: 0.2704: 42,124,45,1,12,0.1321,0.0917,0.9102,6
MAPE: 0.0814: 5,74,39,8,5,0.3575,0.0796,0.1315,6
MAPE: 1.9489: 38,151,29,5,28,0.4407,0.0724,0.7182,8
MAPE: 1.9394: 3,353,24,2,31,0.8379,0.0761,0.3216,2
MAPE: 0.5641: 3,293,9,3,13,0.0193,0.0237,0.0339,10
MAPE: 1.8953: 19,425,21,3,13,0.7731,0.0704,0.7063,9
MAPE: 0.6874: 27,236,28,7,40,0.8923,0.0378,0.1356,8
MAPE: 1.1889: 27,405,22,9,27,0.2504,0.0153,0.0919,3
MAPE: 1.1686: 23,418,46,6,15,0.6518,0.0674,0.5036,10
MAPE: 14.7958: 41,477,31,10,36,0.0087,0.0359,0.8414,5
MAPE: 0.0680: 9,73,40,7,26,0.2856,0.0673,0.3683,6
MAPE: 0.0656: 39,26,32,8,30,0.2248,0.0278,0.7263,3
MAPE: 0.0916: 5,280,30,5,44,0.4136,0.0651,0.3013,4
MAPE: 13.3087: 46,370,28,2,23,0.1191,0.0498,0.1264,7
MAPE: 1.5747: 26,301,38,8,27,0.9086,0.0406,0.0905,4
MAPE: 0.4152: 7,172,3,7,28,0.1166,0.0279,0.8569,6
MAPE: 0.0772: 38,163,44,4,9,0.3925,0.0184,0.8211,6
MAPE: 0.0941: 23,65,49,5,41,0.2514,0.0638,0.9028,6
MAPE: 0.0841: 30,121,19,2,2,0.3307,0.0421,0.04,5
MAPE: 0.8805: 38,332,49,6,44,0.7632,0.089,0.4175,6
MAPE: 1.9398: 26,313,40,3,24,0.3031,0.0938,0.7408,6
MAPE: 0.4245: 24,161,4,6,4,0.495,0.062,0.7088,8
MAPE: 1.5370: 26,303,43,10,24,0.7819,0.0747,0.586,1
MAPE: 0.4272: 18,295,16,9,34,0.1592,0.014,0.3378,5
MAPE: 1.1712: 10,223,19,6,38,0.1069,0.077,0.4698,6
MAPE: 0.0622: 8,107,33,3,13,0.5424,0.021,0.7113,6
MAPE: 1.7585: 46,297,33,4,15,0.573,0.0813,0.5616,2
MAPE: 1.5015: 30,495,8,5,35,0.1046,0.0442,0.839,6
MAPE: 0.0607: 6,61,40,6,30,0.1981,0.0493,0.1778,1
MAPE: 0.0886: 36,241,37,6,24,0.1681,0.0434,0.5991,8
MAPE: 0.7745: 38,269,39,7,41,0.7505,0.0258,0.9228,4
MAPE: 0.3409: 25,435,10,1,43,0.7427,0.0805,0.4169,7
MAPE: 0.0833: 18,63,36,1,11,0.5738,0.0364,0.3501,8
MAPE: 0.3490: 20,62,41,8,48,0.8645,0.0446,0.9563,8
MAPE: 1.2447: 37,268,33,3,45,0.9659,0.0385,0.8656,1
MAPE: 0.0796: 2,265,10,3,14,0.9136,0.0512,0.1302,8
MAPE: 0.1832: 21,28,43,3,36,0.3558,0.0815,0.8446,8
MAPE: 0.3034: 28,77,20,5,26,0.8918,0.037,0.3964,2
MAPE: 0.9379: 21,108,42,3,4,0.9889,0.0306,0.6147,2
MAPE: 14.5748: 40,327,24,4,38,0.6011,0.0945,0.3328,3
MAPE: 1.6417: 47,244,43,7,5,0.7894,0.0957,0.8586,8
MAPE: 2.0310: 48,313,35,2,7,0.372,0.079,0.3211,10
MAPE: 0.6218: 20,286,18,6,29,0.4182,0.0457,0.759,2
MAPE: 0.1330: 21,17,5,8,16,0.5841,0.0891,0.6385,6
MAPE: 0.0691: 33,44,20,4,10,0.2539,0.0563,0.7573,3
MAPE: 1.1721: 5,255,41,7,11,0.7704,0.0303,0.0417,2
MAPE: 2.0991: 45,289,45,10,2,0.8009,0.0566,0.1433,6
MAPE: 0.0692: 4,206,26,10,8,0.4495,0.0641,0.2058,4
MAPE: 1.4770: 36,289,22,6,10,0.6155,0.0565,0.5168,7
MAPE: 2.1392: 23,467,21,6,18,0.2842,0.0697,0.8903,3
MAPE: 1.1456: 42,327,45,1,12,0.1321,0.023,0.9102,6
MAPE: 0.0703: 5,74,34,8,5,0.3575,0.0796,0.1315,6
MAPE: 0.8403: 38,311,29,1,28,0.4407,0.0724,0.7182,8
MAPE: 1.7874: 3,353,30,2,31,0.8379,0.0671,0.8257,2
MAPE: 0.3746: 3,293,9,3,13,0.6242,0.0237,0.0339,10
MAPE: 3.0394: 19,425,21,3,13,0.1076,0.0704,0.7063,7
MAPE: 0.1718: 27,45,28,7,40,0.8923,0.0378,0.5203,8
MAPE: 0.0672: 26,258,22,3,46,0.2777,0.0153,0.9289,3
MAPE: 2.3828: 23,418,18,3,15,0.6518,0.0674,0.5036,10
MAPE: 22.1341: 41,477,11,10,36,0.0087,0.0359,0.8414,5
MAPE: 0.0568: 9,73,48,7,26,0.2485,0.0308,0.3683,6
Step: 0, min MAPE: 0.056833215, hyperparameter: [9.479436450353578, 72.80544766422672, 47.57445842171844, 6.840146363010524, 25.585553909202808, 0.24845579288673617, 0.030835788350533085, 0.3683419053302235, 5.855846890170268]
Round: 0, Step 1
MAPE: 0.0604: 39,26,25,8,45,0.2248,0.0217,0.7605,3
MAPE: 22.8043: 37,280,30,5,44,0.4136,0.0651,0.3013,4
MAPE: 0.3006: 7,249,33,7,28,0.0199,0.0279,0.8569,6
MAPE: 0.4133: 38,163,44,6,9,0.6374,0.0184,0.8211,2
MAPE: 0.9430: 23,65,49,4,41,0.1296,0.0407,0.9028,6
MAPE: 0.2527: 30,121,14,2,2,0.3307,0.0421,0.04,5
MAPE: 1.9271: 50,332,37,3,44,0.7632,0.089,0.4175,6
MAPE: 1.7784: 26,313,23,4,17,0.3031,0.0774,0.5576,9
MAPE: 1.9706: 24,161,4,10,18,0.312,0.0979,0.4408,4
MAPE: 2.0235: 32,295,16,6,34,0.7466,0.0825,0.3378,2
MAPE: 0.0650: 8,107,33,3,11,0.5424,0.021,0.7113,6
MAPE: 0.0634: 41,61,46,6,30,0.1981,0.0504,0.6425,1
MAPE: 6.2978: 36,241,37,6,9,0.1681,0.0434,0.5402,8
MAPE: 0.5694: 25,315,10,7,43,0.7427,0.0411,0.4169,2
MAPE: 0.0880: 18,63,17,6,11,0.5738,0.0368,0.9346,2
MAPE: 0.1013: 1,62,41,8,48,0.5793,0.0362,0.9563,8
MAPE: 0.0875: 2,213,10,3,34,0.9136,0.0512,0.1302,8
MAPE: 0.0608: 13,95,43,3,36,0.3558,0.0104,0.2036,6
MAPE: 0.3985: 28,254,20,5,26,0.4453,0.037,0.4244,2
MAPE: 2.4286: 19,286,44,6,29,0.4182,0.0457,0.759,3
MAPE: 0.7736: 15,307,5,8,16,0.5841,0.0891,0.6385,5
MAPE: 0.1061: 33,44,20,4,3,0.2539,0.0563,0.7573,3
MAPE: 0.7463: 49,289,4,4,2,0.8009,0.0106,0.1433,7
MAPE: 1.7725: 4,206,26,10,8,0.5704,0.0641,0.2058,4
MAPE: 4.4885: 24,267,45,1,12,0.1321,0.0917,0.9102,6
MAPE: 0.0856: 5,74,34,8,5,0.3575,0.0834,0.7774,6
MAPE: 0.0762: 3,293,9,3,13,0.6242,0.0237,0.0339,10
MAPE: 0.0942: 42,45,25,6,40,0.2515,0.0378,0.5772,8
MAPE: 1.0578: 30,293,22,3,32,0.2777,0.0509,0.8457,3
MAPE: 0.7078: 9,439,48,7,26,0.2485,0.0308,0.3683,6
Step: 1, min MAPE: 0.056833215, hyperparameter: [9.479436450353578, 72.80544766422672, 47.57445842171844, 6.840146363010524, 25.585553909202808, 0.24845579288673617, 0.030835788350533085, 0.3683419053302235, 5.855846890170268]
Round: 0, Step 2
MAPE: 0.0628: 21,43,25,6,45,0.4193,0.0217,0.7605,3
MAPE: 1.8419: 7,280,29,5,44,0.4136,0.0651,0.2347,4
MAPE: 0.5877: 17,356,5,4,9,0.3925,0.0184,0.8211,2
MAPE: 0.1697: 23,65,49,5,41,0.2514,0.0638,0.6719,7
MAPE: 0.6350: 30,121,42,4,2,0.3307,0.046,0.04,5
MAPE: 0.0564: 8,107,48,3,13,0.1101,0.021,0.7113,6
MAPE: 0.0675: 3,61,15,6,30,0.1981,0.0493,0.2959,1
MAPE: 3.2017: 36,241,27,9,24,0.5057,0.0434,0.1624,8
MAPE: 0.9131: 25,435,41,1,43,0.7427,0.0511,0.9351,9
MAPE: 0.1045: 18,63,36,1,11,0.5352,0.0574,0.397,8
MAPE: 0.1040: 3,96,41,8,2,0.559,0.0362,0.9563,8
MAPE: 0.1163: 9,265,10,4,14,0.9136,0.0512,0.1302,8
MAPE: 0.0592: 13,95,48,5,3,0.2339,0.0104,0.2036,6
MAPE: 0.0648: 3,172,20,4,10,0.2539,0.0563,0.7573,3
MAPE: 1.8548: 4,270,26,8,6,0.4495,0.0641,0.2058,4
MAPE: 0.0837: 5,74,34,8,5,0.3575,0.0796,0.1315,6
MAPE: 0.0727: 3,293,9,4,15,0.4972,0.0237,0.0339,10
MAPE: 0.0666: 5,45,19,6,40,0.2515,0.0378,0.1118,8
MAPE: 0.4489: 26,258,22,3,4,0.2777,0.0153,0.2208,9
MAPE: 0.0573: 15,73,48,7,26,0.2485,0.0308,0.3683,6
Step: 2, min MAPE: 0.05641612, hyperparameter: [8.233389421979584, 107.28127175820302, 47.682760639389635, 3.236400881792439, 13.182012882335703, 0.11013606421051952, 0.020969132994779118, 0.7112748848587735, 6.438444505135519]
Round: 0, Step 3
MAPE: 0.0766: 39,45,25,8,45,0.2248,0.0576,0.7605,3
MAPE: 0.0666: 4,163,44,4,9,0.3925,0.0465,0.8211,2
MAPE: 0.1153: 7,26,48,3,13,0.2463,0.0282,0.7113,9
MAPE: 0.0608: 41,61,40,3,45,0.1981,0.0122,0.2959,3
MAPE: 0.0682: 13,95,48,7,3,0.3215,0.0104,0.2036,6
MAPE: 0.0881: 3,55,20,7,42,0.2229,0.0563,0.7573,3
MAPE: 0.0848: 4,206,26,10,8,0.4495,0.0274,0.2058,4
MAPE: 0.0720: 5,44,31,6,40,0.2031,0.0569,0.1118,8
MAPE: 0.5652: 40,258,22,3,46,0.2041,0.0153,0.9289,1
MAPE: 0.0604: 9,73,48,6,26,0.2206,0.0308,0.3683,6
Step: 3, min MAPE: 0.05641612, hyperparameter: [8.233389421979584, 107.28127175820302, 47.682760639389635, 3.236400881792439, 13.182012882335703, 0.11013606421051952, 0.020969132994779118, 0.7112748848587735, 6.438444505135519]
Round: 0, Step 4
MAPE: 0.0748: 39,26,25,8,45,0.2248,0.0217,0.7605,5
MAPE: 0.0711: 8,107,48,7,13,0.1101,0.021,0.7113,5
MAPE: 0.0597: 41,61,48,6,30,0.1981,0.0493,0.2959,6
MAPE: 0.0591: 13,95,48,5,3,0.2339,0.0104,0.2036,6
MAPE: 0.0602: 15,73,46,7,26,0.2419,0.0308,0.3683,6
Step: 4, min MAPE: 0.05641612, hyperparameter: [8.233389421979584, 107.28127175820302, 47.682760639389635, 3.236400881792439, 13.182012882335703, 0.11013606421051952, 0.020969132994779118, 0.7112748848587735, 6.438444505135519]
